0 0.3066286215978929 0.2833625987708516 0.010974539069359086 0.010974539069359086
0 0.05201931518876207 0.4457857769973661 0.010974539069359086 0.010974539069359086
0 0.4866110623353819 0.25790166812993853 0.010974539069359086 0.010974539069359086
0 0.48485513608428443 0.26580333625987707 0.010974539069359086 0.010974539069359086
0 0.6125987708516243 0.21049165935030728 0.010974539069359086 0.010974539069359086
0 0.7190517998244074 0.16000877963125548 0.012291483757682178 0.010974539069359086
0 0.7559262510974539 0.14464442493415278 0.012291483757682178 0.010974539069359086
0 0.8072870939420544 0.12269534679543459 0.013169446883230905 0.010974539069359086
0 0.87071992976295 0.10206321334503951 0.010974539069359086 0.010974539069359086
0 0.9023266022827041 0.0888937664618086 0.010974539069359086 0.010974539069359086
0 0.9084723441615452 0.07879719051799824 0.010974539069359086 0.010974539069359086
0 0.9326163301141353 0.07879719051799824 0.010974539069359086 0.010974539069359086
0 0.010755048287971905 0.4866110623353819 0.010974539069359086 0.010974539069359086
0 0.0252414398595259 0.47519754170324846 0.010974539069359086 0.010974539069359086
0 0.12708516242317822 0.43788410886742757 0.010974539069359086 0.010974539069359086
0 0.18942054433713784 0.41198419666374014 0.010974539069359086 0.010974539069359086
0 0.3612818261633011 0.3386742756804214 0.012291483757682178 0.01009657594381036
0 0.3382352941176471 0.33472344161545214 0.010974539069359086 0.010974539069359086
0 0.5511413520632134 0.25790166812993853 0.010974539069359086 0.010974539069359086
0 0.5805531167690957 0.24473222124670763 0.010974539069359086 0.010974539069359086
0 0.6758121158911325 0.2043459174714662 0.010974539069359086 0.010974539069359086
0 0.775460930640913 0.1613257243195786 0.010974539069359086 0.010974539069359086
0 0.8263827919227392 0.13191395961369623 0.010974539069359086 0.010974539069359086
0 0.4352502194907814 0.2679982440737489 0.010974539069359086 0.010974539069359086
0 0.44183494293239683 0.26536435469710273 0.010974539069359086 0.010974539069359086
0 0.4277875329236172 0.26755926251097456 0.008340649692712906 0.01009657594381036
0 0.43656716417910446 0.2508779631255487 0.010974539069359086 0.010974539069359086
0 0.41900790166812996 0.48178226514486394 0.010974539069359086 0.010974539069359086
0 0.4097892888498683 0.6384986830553117 0.010974539069359086 0.010974539069359086
0 0.38652326602282705 0.7456101843722563 0.010974539069359086 0.010974539069359086
0 0.4466637401229148 0.4264705882352941 0.010974539069359086 0.010974539069359086
0 0.43788410886742757 0.23244073748902547 0.010974539069359086 0.010974539069359086
0 0.45741878841088673 0.11764705882352941 0.007901668129938543 0.016681299385425813
0 0.4457857769973661 0.2271729587357331 0.010974539069359086 0.010974539069359086
0 0.44402985074626866 0.24868305531167692 0.010974539069359086 0.010974539069359086
0 0.444468832309043 0.23814749780509217 0.010974539069359086 0.010974539069359086
0 0.4392010535557507 0.22014925373134328 0.010974539069359086 0.010974539069359086
0 0.4471027216856892 0.21224758560140475 0.010974539069359086 0.010974539069359086
0 0.45017559262510976 0.31716417910447764 0.010974539069359086 0.010974539069359086
0 0.4133011413520632 0.7855575065847235 0.010974539069359086 0.010974539069359086
0 0.5910886742756805 0.9462247585601404 0.010974539069359086 0.010974539069359086
0 0.5673836698858647 0.9611501316944688 0.010974539069359086 0.010974539069359086
0 0.3808165057067603 0.8689640035118525 0.010974539069359086 0.010974539069359086
0 0.4413959613696225 0.20961369622475856 0.010974539069359086 0.010974539069359086
0 0.4170324846356453 0.9828797190517998 0.00877963125548727 0.009657594381035996
0 0.4409569798068481 0.19556628621597894 0.010974539069359086 0.010974539069359086
0 0.44929762949956104 0.1933713784021071 0.010974539069359086 0.010974539069359086
0 0.44754170324846354 0.20346795434591747 0.010974539069359086 0.010974539069359086
0 0.47300263388937663 0.15956979806848112 0.010974539069359086 0.010974539069359086
0 0.4725636523266023 0.18590869183494294 0.010974539069359086 0.010974539069359086
0 0.44271290605794555 0.18195785776997367 0.010974539069359086 0.010974539069359086
0 0.44929762949956104 0.18239683933274803 0.010974539069359086 0.010974539069359086
0 0.4506145741878841 0.16966637401229148 0.010974539069359086 0.010974539069359086
0 0.444468832309043 0.17010535557506584 0.010974539069359086 0.010974539069359086
0 0.4466637401229148 0.1538630377524144 0.010974539069359086 0.010974539069359086
0 0.4484196663740123 0.14376646180860403 0.010974539069359086 0.010974539069359086
0 0.4519315188762072 0.15913081650570676 0.010974539069359086 0.010974539069359086
0 0.4629060579455663 0.31101843722563655 0.010974539069359086 0.010974539069359086
0 0.4212028094820018 0.6068920105355575 0.010974539069359086 0.010974539069359086
0 0.4255926251097454 0.5708955223880597 0.010974539069359086 0.010974539069359086
0 0.44929762949956104 0.11786654960491659 0.010974539069359086 0.010974539069359086
0 0.45368744512730463 0.14991220368744512 0.010974539069359086 0.010974539069359086
0 0.4822212467076383 0.06913959613696224 0.010974539069359086 0.010974539069359086
0 0.4567603160667252 0.32418788410886745 0.010974539069359086 0.010974539069359086
0 0.4629060579455663 0.08143107989464443 0.010974539069359086 0.010974539069359086
0 0.45632133450395085 0.13542581211589114 0.010974539069359086 0.010974539069359086
0 0.4528094820017559 0.09108867427568042 0.010974539069359086 0.010974539069359086
0 0.458955223880597 0.0985513608428446 0.010974539069359086 0.010974539069359086
0 0.44929762949956104 0.13015803336259876 0.010974539069359086 0.010974539069359086
0 0.4523705004389816 0.1033801580333626 0.010974539069359086 0.010974539069359086
0 0.4484196663740123 0.3303336259877085 0.010974539069359086 0.010974539069359086
0 0.45500438981562774 0.33604038630377525 0.010974539069359086 0.010974539069359086
0 0.4484196663740123 0.3413081650570676 0.010974539069359086 0.010974539069359086
0 0.809262510974539 0.2802897278314311 0.010974539069359086 0.010974539069359086
0 0.4449078138718174 0.3773046532045654 0.010974539069359086 0.010974539069359086
0 0.45368744512730463 0.3426251097453907 0.010974539069359086 0.010974539069359086
0 0.483099209833187 0.24604916593503073 0.010974539069359086 0.010974539069359086
0 0.7506584723441615 0.3358208955223881 0.015803336259877086 0.010535557506584723
0 0.45368744512730463 0.3575504828797191 0.010974539069359086 0.010974539069359086
0 0.45368744512730463 0.36808604038630377 0.010974539069359086 0.010974539069359086
0 0.4506145741878841 0.37993854258121157 0.010974539069359086 0.010974539069359086
0 0.43437225636523263 0.4967076382791923 0.010974539069359086 0.010974539069359086
0 0.43568920105355574 0.46773485513608426 0.010974539069359086 0.010974539069359086
0 0.44315188762071994 0.48134328358208955 0.010974539069359086 0.010974539069359086
0 0.40671641791044777 0.8869622475856014 0.010974539069359086 0.010974539069359086
0 0.4282265144863916 0.5463125548726954 0.010974539069359086 0.010974539069359086
0 0.434811237928007 0.5621158911325724 0.010974539069359086 0.010974539069359086
0 0.42954345917471465 0.6064530289727832 0.010974539069359086 0.010974539069359086
0 0.4216417910447761 0.6332309043020193 0.010974539069359086 0.010974539069359086
0 0.3812554872695347 0.8312115891132572 0.010974539069359086 0.010974539069359086
0 0.38608428446005266 0.9071553994732221 0.010974539069359086 0.010974539069359086
0 0.41198419666374014 0.809262510974539 0.010974539069359086 0.010974539069359086
0 0.4242756804214223 0.6613257243195786 0.010974539069359086 0.010974539069359086
0 0.42339771729587355 0.682396839332748 0.010974539069359086 0.010974539069359086
0 0.40496049165935033 0.8540386303775241 0.010974539069359086 0.010974539069359086
0 0.4405179982440737 0.7091747146619842 0.010974539069359086 0.010974539069359086
0 0.41198419666374014 0.7232221246707639 0.010974539069359086 0.010974539069359086
0 0.4194468832309043 0.724539069359087 0.010974539069359086 0.010974539069359086
0 0.4216417910447761 0.9457857769973661 0.010974539069359086 0.010974539069359086
0 0.41769095697980685 0.7434152765583846 0.010974539069359086 0.010974539069359086
0 0.4089113257243196 0.767998244073749 0.010974539069359086 0.010974539069359086
0 0.4071553994732221 0.7952151009657594 0.010974539069359086 0.010974539069359086
0 0.41154521510096576 0.8329675153643546 0.010974539069359086 0.010974539069359086
0 0.40583845478489905 0.8680860403863038 0.010974539069359086 0.010974539069359086
0 0.40408252853380155 0.8316505706760317 0.010974539069359086 0.010974539069359086
0 0.4137401229148376 0.8667690956979807 0.010974539069359086 0.010974539069359086
0 0.41812993854258124 0.8904741000877963 0.010974539069359086 0.010974539069359086
0 0.4664179104477612 0.8399912203687445 0.010974539069359086 0.010974539069359086
0 0.4269095697980685 0.9330553116769096 0.010974539069359086 0.010974539069359086
0 0.44754170324846354 0.992756804214223 0.010974539069359086 0.010974539069359086
0 0.4036435469710272 0.7205882352941176 0.010974539069359086 0.010974539069359086
0 0.4014486391571554 0.7579016681299385 0.010974539069359086 0.010974539069359086
0 0.516900790166813 0.6380597014925373 0.010974539069359086 0.010974539069359086
0 0.5309482001755926 0.4159350307287094 0.010974539069359086 0.010974539069359086
0 0.36852502194907816 0.711369622475856 0.010974539069359086 0.010974539069359086
0 0.5151448639157156 0.6481562774363476 0.010974539069359086 0.010974539069359086
0 0.5142669007901668 0.6525460930640913 0.010974539069359086 0.010974539069359086
0 0.9497366110623354 0.1297190517998244 0.010974539069359086 0.010974539069359086
0 0.7096136962247586 0.6578138718173837 0.010974539069359086 0.010974539069359086
0 0.7140035118525022 0.6051360842844601 0.010974539069359086 0.010974539069359086
0 0.7416593503072871 0.6305970149253731 0.010974539069359086 0.010974539069359086
0 0.77414398595259 0.4940737489025461 0.010974539069359086 0.010974539069359086
0 0.7745829675153644 0.48880597014925375 0.010974539069359086 0.010974539069359086
0 0.7223441615452151 0.5160228270412642 0.010974539069359086 0.010974539069359086
0 0.619622475856014 0.6345478489903424 0.010974539069359086 0.010974539069359086
0 0.4791483757682177 0.6999561018437226 0.010974539069359086 0.010974539069359086
0 0.5195346795434592 0.7052238805970149 0.010974539069359086 0.010974539069359086
0 0.3808165057067603 0.8000438981562774 0.010974539069359086 0.010974539069359086
0 0.1863476733977173 0.9519315188762072 0.010974539069359086 0.010974539069359086
0 0.3628182616330114 0.3830114135206321 0.010974539069359086 0.010974539069359086
0 0.8294556628621598 0.25175592625109744 0.010974539069359086 0.010974539069359086
0 0.6029411764705882 0.31957857769973663 0.01009657594381036 0.009657594381035996
0 0.7600965759438104 0.5375329236172081 0.010974539069359086 0.010974539069359086
0 0.9321773485513608 0.6455223880597015 0.010974539069359086 0.010974539069359086
0 0.8724758560140474 0.2271729587357331 0.010974539069359086 0.010974539069359086
0 0.29258121158911327 0.34789288849868305 0.010974539069359086 0.010974539069359086
0 0.29653204565408253 0.2952151009657594 0.010974539069359086 0.010974539069359086
0 0.3571115013169447 0.26053555750658475 0.010974539069359086 0.010974539069359086
0 0.9242756804214223 0.12576821773485514 0.010974539069359086 0.010974539069359086
0 0.8737928007023705 0.1766900790166813 0.010974539069359086 0.010974539069359086
0 0.8373573309920983 0.15122914837576823 0.010974539069359086 0.010974539069359086
0 0.8720368744512731 0.18590869183494294 0.010974539069359086 0.010974539069359086
0 0.8702809482001755 0.19688323090430201 0.010974539069359086 0.010974539069359086
0 0.8654521510096576 0.2188323090430202 0.010974539069359086 0.010974539069359086
0 0.8702809482001755 0.25790166812993853 0.010974539069359086 0.010974539069359086
0 0.740342405618964 0.22673397717295873 0.010974539069359086 0.010974539069359086
0 0.3711589113257243 0.37906057945566285 0.010974539069359086 0.010974539069359086
0 0.3645741878841089 0.5322651448639157 0.010974539069359086 0.010974539069359086
0 0.35974539069359085 0.905838454784899 0.010974539069359086 0.010974539069359086
0 0.34833187006145744 0.47190517998244075 0.01009657594381036 0.007023705004389816
0 0.37906057945566285 0.42383669885864794 0.010974539069359086 0.010974539069359086
0 0.3140913081650571 0.44929762949956104 0.010974539069359086 0.010974539069359086
0 0.30838454784899033 0.4602721685689201 0.010974539069359086 0.010974539069359086
0 0.3636962247585601 0.2671202809482002 0.010974539069359086 0.010974539069359086
0 0.3805970149253731 0.4508340649692713 0.007901668129938543 0.007901668129938543
0 0.929982440737489 0.18766461808604037 0.010974539069359086 0.010974539069359086
0 0.7622914837576822 0.5085601404741001 0.010974539069359086 0.010974539069359086
0 0.8979367866549605 0.2816066725197542 0.010974539069359086 0.010974539069359086
0 0.9124231782265145 0.8088235294117647 0.010974539069359086 0.010974539069359086
0 0.004828797190517998 0.732001755926251 0.00877963125548727 0.010974539069359086
0 0.9374451273046532 0.30597014925373134 0.010974539069359086 0.01141352063213345
0 0.32989464442493416 0.7425373134328358 0.010974539069359086 0.010974539069359086
0 0.8408691834942933 0.3531606672519754 0.010974539069359086 0.010974539069359086
0 0.6654960491659351 0.6839332748024582 0.009657594381035996 0.009657594381035996
0 0.4326163301141352 0.7853380158033363 0.011852502194907815 0.007023705004389816
0 0.29741000877963125 0.652107111501317 0.010974539069359086 0.010974539069359086
0 0.8922300263388938 0.27853380158033364 0.010974539069359086 0.010974539069359086
0 0.7335381913959613 0.7170763827919228 0.01141352063213345 0.008340649692712906
0 0.2833625987708516 0.6106233538191396 0.010974539069359086 0.009657594381035996
0 0.6169885864793678 0.6437664618086041 0.010974539069359086 0.010974539069359086
0 0.7335381913959613 0.7129060579455663 0.013169446883230905 0.006145741878841089
0 0.28906935908691833 0.29126426690079016 0.010974539069359086 0.010974539069359086
0 0.7579016681299385 0.6806409130816505 0.010974539069359086 0.010974539069359086
0 0.7574626865671642 0.6692273924495171 0.010974539069359086 0.010974539069359086
0 0.5739683933274803 0.6946883230904302 0.010974539069359086 0.010974539069359086
0 0.7078577699736611 0.663081650570676 0.010974539069359086 0.010974539069359086
0 0.574846356453029 0.29828797190517997 0.010974539069359086 0.010974539069359086
0 0.5441176470588235 0.6916154521510096 0.010974539069359086 0.010974539069359086
0 0.3509657594381036 0.2701931518876207 0.010974539069359086 0.010974539069359086
0 0.24078138718173836 0.42998244073748904 0.010974539069359086 0.010974539069359086
0 0.4330553116769096 0.7750219490781387 0.010974539069359086 0.010974539069359086
0 0.5511413520632134 0.6977611940298507 0.010974539069359086 0.010974539069359086
0 0.9159350307287094 0.7917032484635645 0.010974539069359086 0.010974539069359086
0 0.36062335381913957 0.2636084284460053 0.010974539069359086 0.010974539069359086
0 0.36676909569798066 0.27107111501316944 0.010974539069359086 0.010974539069359086
0 0.14991220368744512 0.36633011413520633 0.010974539069359086 0.010974539069359086
0 0.14705882352941177 0.5559701492537313 0.007901668129938543 0.010974539069359086
0 0.9479806848112379 0.13805970149253732 0.010974539069359086 0.010974539069359086
0 0.04762949956101844 0.8514047410008779 0.010974539069359086 0.010974539069359086
0 0.5309482001755926 0.7003950834064969 0.010974539069359086 0.010974539069359086
0 0.7324407374890255 0.1802019315188762 0.011852502194907815 0.010974539069359086
0 0.6764705882352942 0.6795434591747147 0.00877963125548727 0.00877963125548727
0 0.3571115013169447 0.32243195785776996 0.010974539069359086 0.010974539069359086
0 0.6104038630377524 0.7021510096575944 0.010974539069359086 0.010974539069359086
0 0.7047848990342406 0.7104916593503073 0.008340649692712906 0.007462686567164179
0 0.6736172080772608 0.2245390693590869 0.010974539069359086 0.010974539069359086
0 0.5739683933274803 0.6841527655838455 0.010974539069359086 0.010974539069359086
0 0.7280509218612818 0.6731782265144864 0.010974539069359086 0.010974539069359086
0 0.9040825285338016 0.5388498683055312 0.010974539069359086 0.010974539069359086
0 0.2537313432835821 0.3193590869183494 0.01141352063213345 0.01009657594381036
0 0.10294117647058823 0.8026777875329236 0.010974539069359086 0.010974539069359086
0 0.5208516242317822 0.6977611940298507 0.010974539069359086 0.010974539069359086
0 0.7346356453028973 0.5866988586479368 0.010974539069359086 0.010974539069359086
0 0.07001755926251098 0.8042142230026339 0.006584723441615452 0.010535557506584723
0 0.5528972783143108 0.6920544337137841 0.010974539069359086 0.010974539069359086
0 0.9225197541703248 0.32374890254609306 0.010974539069359086 0.010974539069359086
0 0.9392010535557507 0.2758999122036874 0.010974539069359086 0.007462686567164179
0 0.8470149253731343 0.3869622475856014 0.010974539069359086 0.010974539069359086
0 0.5414837576821774 0.706540825285338 0.010974539069359086 0.010974539069359086
0 0.14069359086918348 0.5818700614574188 0.010974539069359086 0.010974539069359086
0 0.6870061457418788 0.7295873573309921 0.010535557506584723 0.006145741878841089
0 0.3566725197541703 0.8856453028972783 0.010974539069359086 0.010974539069359086
0 0.7697541703248464 0.5375329236172081 0.010974539069359086 0.010974539069359086
0 0.7289288849868305 0.6771290605794557 0.010974539069359086 0.010974539069359086
0 0.729367866549605 0.6635206321334504 0.010974539069359086 0.010974539069359086
0 0.7785338015803336 0.47519754170324846 0.010974539069359086 0.010974539069359086
0 0.4905618964003512 0.3895961369622476 0.010974539069359086 0.010974539069359086
0 0.7298068481123793 0.6955662862159789 0.010974539069359086 0.010974539069359086
0 0.6411325724319579 0.41812993854258124 0.010974539069359086 0.010974539069359086
0 0.759657594381036 0.6643985952589991 0.010974539069359086 0.010974539069359086
0 0.7425373134328358 0.5849429323968394 0.010974539069359086 0.010974539069359086
0 0.9400790166812993 0.269315188762072 0.010974539069359086 0.006584723441615452
0 0.7554872695346796 0.6918349429323969 0.012291483757682178 0.009657594381035996
0 0.87071992976295 0.37993854258121157 0.010974539069359086 0.010974539069359086
0 0.9229587357330992 0.13893766461808604 0.010974539069359086 0.010974539069359086
0 0.735513608428446 0.7025899912203687 0.010974539069359086 0.010974539069359086
0 0.7262949956101844 0.6872256365232661 0.010974539069359086 0.010974539069359086
0 0.7350746268656716 0.6837137840210711 0.010974539069359086 0.010974539069359086
0 0.7047848990342406 0.7050043898156277 0.01009657594381036 0.007023705004389816
0 0.9449078138718174 0.19556628621597894 0.010974539069359086 0.010974539069359086
0 0.33560140474100086 0.7091747146619842 0.010974539069359086 0.010974539069359086
0 0.5814310798946444 0.6990781387181738 0.010974539069359086 0.010974539069359086
0 0.7653643546971027 0.6167690956979807 0.011852502194907815 0.00877963125548727
0 0.08669885864793679 0.6543020193151887 0.010974539069359086 0.010974539069359086
0 0.7609745390693591 0.6499122036874452 0.010974539069359086 0.010974539069359086
0 0.22190517998244075 0.7535118525021949 0.010974539069359086 0.010974539069359086
0 0.2877524143985953 0.7666812993854258 0.010974539069359086 0.010974539069359086
0 0.3891571553994732 0.44754170324846354 0.010974539069359086 0.010974539069359086
0 0.3382352941176471 0.8171641791044776 0.010974539069359086 0.010974539069359086
0 0.2688762071992976 0.7938981562774363 0.010974539069359086 0.010974539069359086
0 0.2816066725197542 0.793459174714662 0.010974539069359086 0.010974539069359086
0 0.7543898156277437 0.7074187884108868 0.010974539069359086 0.010974539069359086
0 0.58099209833187 0.7047848990342406 0.010974539069359086 0.010974539069359086
0 0.7377085162423178 0.5761633011413521 0.010974539069359086 0.010974539069359086
0 0.7434152765583846 0.3026777875329236 0.010974539069359086 0.010974539069359086
0 0.507243195785777 0.7197102721685689 0.010974539069359086 0.010974539069359086
0 0.48002633889376645 0.7179543459174714 0.010974539069359086 0.010974539069359086
0 0.4905618964003512 0.4150570676031607 0.010974539069359086 0.010974539069359086
0 0.778972783143108 0.4552238805970149 0.010974539069359086 0.007901668129938543
0 0.6046971027216856 0.6902985074626866 0.010974539069359086 0.010974539069359086
0 0.36106233538191396 0.9765144863915716 0.010974539069359086 0.010974539069359086
0 0.7469271290605795 0.5919666374012291 0.010974539069359086 0.010974539069359086
0 0.7552677787532923 0.6986391571553995 0.010974539069359086 0.005706760316066725
0 0.33340649692712904 0.4216417910447761 0.010974539069359086 0.010974539069359086
0 0.3531606672519754 0.8948639157155399 0.010974539069359086 0.010974539069359086
0 0.09460052677787532 0.5691395961369623 0.007462686567164179 0.01009657594381036
0 0.3435030728709394 0.7486830553116769 0.010974539069359086 0.010974539069359086
0 0.7328797190517998 0.6156716417910447 0.010974539069359086 0.010974539069359086
0 0.58099209833187 0.7104916593503073 0.010974539069359086 0.010974539069359086
0 0.2873134328358209 0.6332309043020193 0.010974539069359086 0.010974539069359086
0 0.6130377524143986 0.7052238805970149 0.010974539069359086 0.010974539069359086
0 0.7085162423178226 0.6856892010535558 0.010535557506584723 0.00877963125548727
0 0.5537752414398596 0.6780070237050044 0.010974539069359086 0.010974539069359086
0 0.7438542581211589 0.48705004389815626 0.010974539069359086 0.010974539069359086
0 0.7425373134328358 0.9212028094820017 0.010974539069359086 0.010974539069359086
0 0.053336259877085165 0.6147936786654961 0.010974539069359086 0.010974539069359086
0 0.051141352063213345 0.6112818261633012 0.010974539069359086 0.010974539069359086
0 0.29455662862159787 0.6253292361720808 0.013169446883230905 0.007462686567164179
0 0.7082967515364355 0.6766900790166813 0.010974539069359086 0.010974539069359086
0 0.242756804214223 0.5739683933274803 0.01141352063213345 0.008340649692712906
0 0.6448639157155399 0.6881035996488147 0.010535557506584723 0.006584723441615452
0 0.5511413520632134 0.41154521510096576 0.010974539069359086 0.010974539069359086
0 0.2758999122036874 0.7701931518876207 0.010974539069359086 0.010974539069359086
0 0.7420983318700615 0.638937664618086 0.010974539069359086 0.010974539069359086
0 0.7350746268656716 0.6933713784021072 0.010974539069359086 0.010974539069359086
0 0.3364793678665496 0.3268217734855136 0.010974539069359086 0.010974539069359086
0 0.1766900790166813 0.39881474978050924 0.010974539069359086 0.010974539069359086
